100
0
1
2
11
1692
999999
125000
655645
214848
999991
14817
151824
711264
865749
924045
675808
25
28821
313803
507644
137476
999994
999998
20
413526
48626
511231
545502
505199
7
548115
10
6
443849
909635
12500
178380
392888
638251
125
3
993065
381174
162283
456427
394214
254595
999993
296881
970615
9
999995
728726
4
509457
999135
261069
153122
999997
34
880924
106634
1000000
445175
715941
269460
738952
455123
845433
424221
999996
467940
999992
26607
694775
625022
5
386373
498035
1250
842644
815750
166
124
8
113544
6954
200
468051
171587
891626
642970
747732
40
594771
986276
2497
11830
739688
176597
